epoch:0Iteration:0      	Cost:4.14478	Accuracy:0.25000
Iteration:1      	Cost:3.90619	Accuracy:0.31250
Iteration:2      	Cost:3.74750	Accuracy:0.25000
Iteration:3      	Cost:3.70909	Accuracy:0.25000
Iteration:4      	Cost:3.43626	Accuracy:0.25000
Iteration:5      	Cost:3.84920	Accuracy:0.18750
Iteration:6      	Cost:3.60949	Accuracy:0.18750
Iteration:7      	Cost:3.70536	Accuracy:0.31250
